Параметры генератора:
a = 5 ; x = 7 ; c = 6  ; n = 11 
Последовательность:
[2, 3, 4, 10, 1, 0, 6, 5, 7, 2, 3, 4, 10, 1, 0, 6, 5, 7, 2, 3, 4, 10, 1, 0, 6, 5, 7, 2, 3, 4, 10, 1, 0, 6, 5, 7, 2, 3, 4, 10, 1, 0, 6, 5, 7, 2, 3, 4, 10, 1, 0, 6, 5, 7, 2, 3, 4, 10, 1, 0, 6, 5, 7, 2, 3, 4, 10, 1, 0, 6, 5, 7, 2, 3, 4, 10, 1, 0, 6, 5, 7, 2, 3, 4, 10, 1, 0, 6, 5, 7, 2, 3, 4, 10, 1, 0, 6, 5, 7, 2]
Период последовательности:
8
Результат проверки по критерию хи квадрат Пирсона:
True
Статистика критерия равна:
5.1
